F11	F22	F33	F12	F23	F31	F21	F32	F13	time
0.0	0.0	0.0	0.0	0.0	0.0	0.0	0.0	0.0	0.0
0.999740660191	1.00086379051	0.999707818031	0.000216079468373	-2.7258117985e-10	1.12417519738e-10	-0.000414836860728	9.45738903857e-11	1.83968576484e-10	0.00100013602059
0.999484539032	1.00172531605	0.99941521883	0.000429720093962	-5.3245091669e-10	-3.70947994544e-11	-0.000823810405564	4.02889083206e-10	6.51526277373e-10	0.00200003106147
0.999228358269	1.00258779526	0.99912250042	0.000641710532364	-2.01260408339e-09	-8.09090794363e-10	-0.00123201007955	2.23030349744e-09	2.94419655322e-10	0.00300009036437
0.99897223711	1.00345110893	0.998829960823	0.000851533841342	-1.6627492716e-09	-5.18570020258e-10	-0.00163872854318	2.95373969728e-09	-1.34461197732e-09	0.00400004349649
0.998716711998	1.00431239605	0.998538434505	0.00106202042662	-2.30706653781e-09	-5.64996183172e-09	-0.00204524677247	4.22270263201e-09	2.43352893392e-09	0.00500007905066
0.998474061489	1.00511360168	0.998231351376	0.00122413865756	7.2783894467e-09	-1.19987753067e-08	-0.00243391864933	-1.73866887554e-09	9.75733360775e-09	0.00600000144914
0.998079061508	1.00612092018	0.99766689539	0.00112995016389	1.11078408693e-08	-1.02461825691e-08	-0.00290082604624	-4.03155064888e-09	8.76103012359e-09	0.00700004212558
0.997469007969	1.00742518902	0.997056305408	0.000915401848033	1.38579157039e-08	-5.18394038806e-09	-0.00343657913618	-8.29193425034e-09	8.10906541915e-09	0.00800013169646
0.996692299843	1.0092164278	0.996145427227	0.000401172088459	8.24912405051e-09	4.61085658543e-09	-0.00371700339019	5.06901964847e-10	-3.09909364837e-09	0.00900016725063
0.995581507683	1.01156961918	0.995026051998	-0.000279435655102	3.68531587469e-08	1.03121990946e-08	-0.00404918100685	-5.73637422008e-08	-1.04430206704e-08	0.0100000053644
0.994210004807	1.01429831982	0.993790447712	-0.000849080272019	-4.59233234551e-07	6.75023784424e-07	-0.00463666953146	9.58661985351e-07	-1.58451894094e-06	0.0110000409186
0.992636144161	1.01724088192	0.992541253567	-0.00131782377139	-2.47811669851e-07	-1.47171715525e-06	-0.0053035961464	9.20107879665e-07	-1.89459456124e-06	0.0120000764728
0.991045594215	1.02004218102	0.991419374943	-0.00168674229644	1.02730211893e-07	-3.17479384648e-06	-0.00606875820085	9.98150312626e-07	-2.33029277297e-06	0.0130001120269
0.989409983158	1.02285563946	0.990332722664	-0.00217960425653	1.48785159126e-06	-4.46983858637e-06	-0.00667933933437	4.19455375322e-07	-3.44637851413e-06	0.0140001475811
0.987683176994	1.02576494217	0.989255547523	-0.00290563912131	1.69798670413e-06	-5.68732002648e-06	-0.00703053269535	4.47921138402e-07	-4.38413871962e-06	0.0150001831353
0.985904633999	1.02872943878	0.988190114498	-0.00372436456382	2.58320096691e-06	-6.51152322462e-06	-0.00727436831221	1.33736719476e-07	-5.92731794313e-06	0.0160000957549
0.984098315239	1.03172004223	0.98714107275	-0.00459593068808	3.1657530144e-06	-7.41902204027e-06	-0.00744891958311	-1.65575855249e-08	-7.34021523385e-06	0.017000131309
0.982269644737	1.03472983837	0.986103355885	-0.00552136963233	3.76555408366e-06	-8.45168324304e-06	-0.00756654981524	-1.03647707306e-07	-8.56548467709e-06	0.0180001668632
0.980431258678	1.03775656223	0.985081195831	-0.00649980874732	2.98299892165e-06	-3.95167262468e-07	-0.00761984847486	1.08414269562e-06	-1.62937594723e-05	0.019000004977
0.978576958179	1.04080665112	0.984060585499	-0.00755376089364	2.42512237492e-06	2.74089143204e-06	-0.00759493047372	1.92166157831e-06	-1.92415336642e-05	0.0200000405312
0.976715803146	1.04387044907	0.983047306538	-0.00866713467985	1.45302078636e-06	7.13384088158e-06	-0.00750927673653	3.07992968374e-06	-2.28156459343e-05	0.0210000760853
0.974838733673	1.04696893692	0.982033014297	-0.00984961073846	9.354107533e-08	1.20741296996e-05	-0.00736137432978	4.44839224656e-06	-2.62566427409e-05	0.0220001228154
0.972933411598	1.05013024807	0.981004178524	-0.0111004561186	-5.95178335061e-06	1.676330794e-05	-0.00716009736061	1.02439626062e-05	-2.87967304757e-05	0.0230001118034
0.971011340618	1.05333602428	0.979966282845	-0.012400040403	-1.00568422567e-05	2.21299033001e-05	-0.00692303339019	1.35546597448e-05	-3.12772644975e-05	0.0240001007915
0.969075679779	1.05659413338	0.978922724724	-0.013751283288	-1.37259567055e-05	2.81496031675e-05	-0.00665003573522	1.57644644787e-05	-3.37111196131e-05	0.0250000897795
0.9671215415	1.05987799168	0.977873980999	-0.0151466280222	-1.86347824638e-05	3.43897118e-05	-0.00634504156187	1.88097183127e-05	-3.58550423698e-05	0.0260000787675
0.965150535107	1.06320154667	0.976817667484	-0.0165942125022	-2.30670884775e-05	4.09382701037e-05	-0.0060053197667	2.07654175028e-05	-3.75851013814e-05	0.0270000677556
0.963174700737	1.06654393673	0.975757181644	-0.0180905777961	-3.25622131641e-05	4.75292217743e-05	-0.00563513021916	2.49589447776e-05	-3.87650761695e-05	0.0280000567436
0.961193263531	1.0699262619	0.974693179131	-0.0196313969791	-4.06320359616e-05	5.39613174624e-05	-0.00523449992761	2.78018233075e-05	-3.97840522055e-05	0.0290000457317
0.959199547768	1.07334160805	0.973628163338	-0.0212265700102	-4.78804104205e-05	6.02241088927e-05	-0.00480088358745	2.97060723824e-05	-4.0184790123e-05	0.0300000347197
0.957181155682	1.07678556442	0.972560584545	-0.0228896439075	-6.04641645623e-05	6.57892014715e-05	-0.00431554904208	3.88561129512e-05	-4.14947971876e-05	0.0310000237077
0.955145537853	1.08026909828	0.971502900124	-0.0246682334691	-6.77319112583e-05	6.9475696364e-05	-0.00373022258282	3.8924128603e-05	-3.81683312298e-05	0.0320000462234
0.95309317112	1.08378458023	0.970447957516	-0.0265170726925	-7.84793301136e-05	7.13440676918e-05	-0.00309417233802	4.33048662671e-05	-3.23327039951e-05	0.0330000817776
0.951021254063	1.0873234272	0.969391047955	-0.0284220036119	-8.95131306606e-05	7.3561030149e-05	-0.00243005412631	4.6761957492e-05	-2.63918373093e-05	0.0340001173317
0.948927879333	1.09090149403	0.968333721161	-0.0303847324103	-0.000105368097138	8.00850248197e-05	-0.00173365545925	5.59065920243e-05	-2.4372151529e-05	0.0350001528859
0.946833491325	1.09449231625	0.967283070087	-0.0323676913977	-0.000109499400423	7.55918154027e-05	-0.00103534362279	5.52460478502e-05	-1.17290146591e-05	0.0360001884401
0.944703817368	1.09814739227	0.966225683689	-0.03441144526	-0.000113474074169	6.52606395306e-05	-0.000310677045491	5.1496175729e-05	2.39279688685e-06	0.0370000265539
0.942553818226	1.10184597969	0.965164601803	-0.0365310609341	-0.000118547744933	5.58865613129e-05	0.000454068911495	5.08573721163e-05	1.68350888998e-05	0.038000062108
0.940403401852	1.10556280613	0.96410882473	-0.0386952012777	-0.000128063562443	5.07094227942e-05	0.00122956198175	5.9045622038e-05	2.79431224044e-05	0.0390000976622
0.938247323036	1.10930466652	0.963054776192	-0.0409164577723	-0.00014054994972	6.74177135807e-05	0.00202698004432	6.6773580329e-05	1.90060945897e-05	0.0400001332164
0.936070978642	1.11308383942	0.962003469467	-0.0432002954185	-0.000149578394485	8.26947798487e-05	0.00285869184881	6.60137884552e-05	8.28042902867e-06	0.0410001687706
0.933879315853	1.11689674854	0.960945665836	-0.0455101132393	-0.000159393472131	8.33919912111e-05	0.00368548231199	6.78918004269e-05	1.00302968349e-05	0.0420000068843
0.931674778461	1.12073588371	0.959897994995	-0.0478604845703	-0.000168872546055	9.32633120101e-05	0.00451715663075	6.95610942785e-05	-1.41368218465e-07	0.0430000424385
0.929464936256	1.12461102009	0.958851575851	-0.0502742081881	-0.000173336797161	0.000102963633253	0.00537215219811	6.5810228989e-05	-1.20457007142e-05	0.0440000779927
0.927264451981	1.128490448	0.957806229591	-0.0527387708426	-0.000174599408638	0.000102063786471	0.00624902965501	6.00990315434e-05	-8.16897227196e-06	0.0450001135468
0.925056755543	1.13237929344	0.956760704517	-0.0552664510906	-0.000180253060535	0.000112870846351	0.00715080834925	6.18307240075e-05	-1.90318241948e-05	0.046000149101
0.922821521759	1.13631653786	0.955709397793	-0.0578631088138	-0.000175574241439	0.000125341670355	0.00808503292501	4.21672157245e-05	-2.54813567153e-05	0.0470001846552
0.920563280582	1.14029967785	0.954660952091	-0.0604967474937	-0.000172024665517	0.000141093798447	0.00902550760657	2.48009655479e-05	-3.90337336285e-05	0.048000022769
0.918303072453	1.14429605007	0.953609824181	-0.0631720125675	-0.000177200912731	0.00015687821724	0.00997187942266	1.94500880752e-05	-4.9871399824e-05	0.0490000583231
0.916099786758	1.14821481705	0.952570319176	-0.0658699944615	-0.000172769839992	0.000158167880727	0.010932194069	6.41837050352e-06	-4.36180307588e-05	0.0500000715256
0.913835346699	1.15222227573	0.951529502869	-0.0686762481928	-0.000182832955034	0.0001713863021	0.0119255669415	6.27770350548e-06	-5.17005537404e-05	0.0510001778603
0.911577522755	1.1562564373	0.950482487679	-0.0715463906527	-0.000189925529412	0.000182027855772	0.0129495086148	5.5247378441e-06	-5.79007901251e-05	0.0520000942051
0.909379899502	1.16023552418	0.949451267719	-0.0744258388877	-0.000196083274204	0.000191706814803	0.0139919975773	2.5535016448e-06	-6.17477635387e-05	0.0530000329018
0.907183766365	1.16420972347	0.948429465294	-0.0773593485355	-0.00019979570061	0.000201504371944	0.0150577323511	-8.50040396472e-06	-6.60587538732e-05	0.0540000870824
0.904962718487	1.16825401783	0.947398543358	-0.0803562253714	-0.000201644710614	0.000215239371755	0.016128430143	-2.09837853618e-05	-7.50987455831e-05	0.055000141263
0.902740418911	1.17229235172	0.946373105049	-0.0833566561341	-0.000212615152122	0.000222487316933	0.017170837149	-2.24541290663e-05	-7.52289270167e-05	0.0560000091791
0.900522649288	1.17631387711	0.945352554321	-0.0864411145449	-0.0002114900999	0.000229532684898	0.0182525385171	-3.85556486435e-05	-7.36833535484e-05	0.0570000633597
0.898306310177	1.18034827709	0.944349229336	-0.0895777866244	-0.000209874648135	0.000224398390856	0.0193626284599	-4.91506580147e-05	-6.39440622763e-05	0.0580001175404
0.896130084991	1.18434894085	0.943361938	-0.0927534624934	-0.000217479304411	0.000216365864617	0.020485676825	-4.62804237031e-05	-3.34740107064e-05	0.059000171721
0.893960297108	1.18830394745	0.942381083965	-0.0959491357207	-0.000227562413784	0.000221900030738	0.0216090437025	-5.15351603099e-05	-3.2271942473e-05	0.0600000396371
0.891774475574	1.19230365753	0.94139957428	-0.09923068434	-0.000234679406276	0.00022471905686	0.0227706935257	-5.55250881007e-05	-2.62611865764e-05	0.0610000938177
0.889585673809	1.19629085064	0.940418958664	-0.102568306029	-0.000240561610553	0.000227432974498	0.0239535886794	-6.02464933763e-05	-2.02213341254e-05	0.0620001479983
0.887398421764	1.20029485226	0.939439892769	-0.105970226228	-0.000244870432653	0.000227208802244	0.0251703374088	-6.71191155561e-05	-1.30185944727e-05	0.0630000159144
0.8852237463	1.20430290699	0.938471794128	-0.109404064715	-0.000250034237979	0.000226325675612	0.0263973325491	-7.27857113816e-05	-5.2764225984e-06	0.0640000700951
0.883056640625	1.20828676224	0.93749922514	-0.112881936133	-0.000252470897976	0.000228787059314	0.0276253614575	-8.22109432193e-05	-2.31512240134e-06	0.0650001242757
0.880928218365	1.21223080158	0.936539411545	-0.116364948452	-0.000257633335423	0.00023406514083	0.0288486834615	-8.93312098924e-05	-1.20284676086e-06	0.0660001784563
0.878769636154	1.21624577045	0.935572385788	-0.11973426491	-0.000262569985352	0.00023560912814	0.0300119630992	-9.37040749704e-05	6.995323929e-06	0.0670000389218
0.877491652966	1.21739470959	0.935021996498	-0.125688999891	-0.000272746605333	0.000266577262664	0.032783318311	-0.00010350807861	-1.77024776349e-05	0.0680001452565
0.877317368984	1.21768939495	0.934695839882	-0.128028705716	-0.00027001320268	0.000257393025095	0.0341152958572	-0.000119504533359	-8.42045119498e-06	0.0690000727773
0.876754462719	1.21883165836	0.934161782265	-0.131108462811	-0.000294285477139	0.00035886320984	0.0357315167785	-0.000111966990517	-0.000107286221464	0.070000000298
0.875895261765	1.22060477734	0.933516204357	-0.134180724621	-0.000344752159435	0.000426778220572	0.0371346287429	-6.95182388881e-05	-0.000165861929418	0.0710001066327
0.874931514263	1.22271132469	0.932718575001	-0.137488126755	-0.000356425094651	0.000460451818071	0.0385312847793	-6.61632948322e-05	-0.00019409203378	0.0720001757145
0.873918175697	1.2249994278	0.931815862656	-0.140957415104	-0.000369949848391	0.000498490873724	0.039948374033	-6.11454161117e-05	-0.000234177263337	0.0730000883341
0.872925400734	1.22728574276	0.930871725082	-0.144480660558	-0.0003997265012	0.000553525809664	0.0414254143834	-4.04969323426e-05	-0.000287944858428	0.0740000158548
0.871969282627	1.22952592373	0.929917752743	-0.147998943925	-0.000420863594627	0.000559627776965	0.042898427695	-5.82422217121e-06	-0.000358190241968	0.0750000402331
0.871011972427	1.23184514046	0.928921699524	-0.151478394866	-0.000396157149225	0.000321360275848	0.0443678051233	-4.41147421952e-05	-0.000242737485678	0.0760000050068
0.870062708855	1.23416435719	0.927900791168	-0.154985174537	-0.000441518146545	0.000271346390946	0.0458450801671	3.61566617357e-06	-0.000240901033976	0.0770000517368
0.869109511375	1.2364859581	0.926891684532	-0.158446028829	-0.000465776742203	0.000180706265382	0.047284565866	2.1022879082e-07	-0.000200897193281	0.0780000239611
0.868178069592	1.23874485493	0.925895869732	-0.161879181862	-0.000484045187477	6.94310365361e-05	0.048757661134	2.24812720262e-05	-0.000168799830135	0.0790000036359
0.867237627506	1.24102377892	0.924887359142	-0.165340095758	-0.000502528273501	-4.85045165988e-06	0.0502212941647	4.27566556027e-05	-0.00016011336993	0.0800001323223
0.866290926933	1.24328970909	0.923869252205	-0.168833479285	-0.000517506792676	-7.31587279006e-05	0.0517080314457	5.8674650063e-05	-0.00015712712775	0.0810000598431
0.865361213684	1.24548900127	0.922855734825	-0.172341108322	-0.000543440401088	-0.000131748936838	0.0532180964947	8.46713737701e-05	-0.000155780799105	0.0820001661777
0.864436924458	1.24771213531	0.921825408936	-0.175867214799	-0.00056710478384	-0.000211429884075	0.0547317638993	0.000115280490718	-0.000112958237878	0.0830001085997
0.86353802681	1.24988985062	0.920828819275	-0.179344773293	-0.000589299190324	-0.000287775008474	0.0562340468168	0.0001422718924	-7.00939563103e-05	0.0840000361204
0.862641811371	1.25202691555	0.919840276241	-0.182828560472	-0.000611867697444	-0.000341316772392	0.0577274188399	0.000169675971847	-5.26759249624e-05	0.0850001424551
0.861738979816	1.25420939922	0.918832659721	-0.186305344105	-0.000607115565799	-0.000378185301088	0.059206277132	0.000162065916811	-5.30843826709e-05	0.0860001444817
0.860821425915	1.2564252615	0.917813718319	-0.189779996872	-0.000635736214463	-0.000444680161308	0.0607000626624	0.000193740081158	-3.22499108734e-05	0.0870000720024
0.862420320511	1.25183212757	0.918459653854	-0.189619347453	-0.000617095502093	-0.000503426534124	0.0605597048998	0.000166613477631	-4.26194746979e-05	0.0880001112819
0.862385809422	1.25172472	0.918381512165	-0.190927281976	-0.000615626457147	-0.00048540518037	0.0612576752901	0.000133167515742	-8.70061921887e-05	0.0890001505613
0.862295985222	1.25176000595	0.918198227882	-0.192941561341	-0.000601194333285	-0.000517477921676	0.0623851791024	0.000124199432321	-4.46910125902e-05	0.0900001078844
0.862189948559	1.2517580986	0.918017804623	-0.195139482617	-0.000580375897698	-0.000615128781646	0.0636844485998	0.000116417402751	4.04621823691e-05	0.0910000577569
0.862077176571	1.2517285347	0.917851924896	-0.197378262877	-0.00057932746131	-0.000641394522972	0.0650416910648	0.000134626752697	7.99279659986e-05	0.092000067234
0.861928522587	1.25187051296	0.917655289173	-0.199590548873	-0.000439052702859	-0.000716076348908	0.0663930624723	0.000131042281282	0.000160835363204	0.0930000394583
0.861747145653	1.2519980669	0.917472720146	-0.201841488481	-0.00050486123655	-0.000728610495571	0.0677913948894	8.82613458089e-05	0.000170573533978	0.0940000414848
0.86160582304	1.25195801258	0.917319536209	-0.204157263041	-0.000512509723194	-0.000745595898479	0.0692295879126	0.000110626242531	0.00019323718152	0.0950001478195
0.861461997032	1.2519005537	0.917174994946	-0.206493765116	-0.000513228529599	-0.000771409249865	0.0706911608577	0.00011847926362	0.000220875139348	0.0960000753403
0.861314117908	1.25181353092	0.917036354542	-0.208852872252	-0.000513329461683	-0.000799826229922	0.0721670612693	0.000127365172375	0.000253928534221	0.097000092268
0.861155748367	1.25172960758	0.916901648045	-0.211213037372	-0.000508876983076	-0.000818459782749	0.0736426636577	0.000128897896502	0.000274165940937	0.0980000123382
0.86098998785	1.25164198875	0.916765809059	-0.213595479727	-0.000485134049086	-0.000811397505458	0.0751346498728	9.357163799e-05	0.000282118562609	0.0990000143647
0.860826730728	1.25152719021	0.916637897491	-0.21597366035	-0.000459952279925	-0.000808898650575	0.076636582613	6.86285638949e-05	0.000273901270702	0.10000000149
